7.992267109832881
6.571534623807735
9.19
7.992267109832881
7.992267109832881
12.89306924761547
11.199219150240804
12.07650836045872
0.25
10.24522385942406
10.24522385942406
11.199219150240804
9.19
12.07650836045872
6.571534623807735
10.24522385942406
10.24522385942406
7.992267109832881
7.992267109832881
6.571534623807735
14.385381140952656
16.975208518879516
14.385381140952656
16.36681420132403
15.734534219665761
16.36681420132403
16.36681420132403
12.89306924761547
13.66
10.24522385942406
16.36681420132403
11.199219150240804
12.07650836045872
16.36681420132403
16.975208518879516
16.975208518879516
13.66
15.734534219665761
12.07650836045872
16.975208518879516
6.571534623807735
6.571534623807735
7.992267109832881
10.24522385942406
9.19
11.199219150240804
11.199219150240804
10.24522385942406
7.992267109832881
10.24522385942406
11.199219150240804
9.19
12.07650836045872
9.19
12.07650836045872
10.24522385942406
10.24522385942406
0.25
6.571534623807735
11.199219150240804
15.734534219665761
17.562235557547154
17.562235557547154
12.07650836045872
15.734534219665761
16.36681420132403
18.68028214651094
13.66
18.13
14.385381140952656
16.975208518879516
17.562235557547154
18.68028214651094
16.36681420132403
12.89306924761547
15.734534219665761
18.13
15.075312812888637
16.36681420132403
18.13
7.992267109832881
9.19
9.19
10.24522385942406
10.24522385942406
7.992267109832881
7.992267109832881
4.72
6.571534623807735
11.199219150240804
11.199219150240804
9.19
7.992267109832881
12.89306924761547
7.992267109832881
4.72
7.992267109832881
6.571534623807735
12.07650836045872
10.24522385942406
7.992267109832881
11.199219150240804
11.199219150240804
10.24522385942406
9.19
12.07650836045872
11.199219150240804
7.992267109832881
11.199219150240804
7.992267109832881
11.199219150240804
12.07650836045872
6.571534623807735
9.19
10.24522385942406
6.571534623807735
7.992267109832881
11.199219150240804
10.24522385942406
7.992267109832881
9.19
10.24522385942406
4.72
6.571534623807735
10.24522385942406
4.72
12.89306924761547
10.24522385942406
4.72
9.19
11.199219150240804
9.19
7.992267109832881
10.24522385942406
7.992267109832881
7.992267109832881
10.24522385942406
12.07650836045872
11.199219150240804
11.199219150240804
15.075312812888637
11.199219150240804
16.36681420132403
15.734534219665761
16.975208518879516
12.07650836045872
12.89306924761547
12.89306924761547
15.075312812888637
15.075312812888637
16.36681420132403
11.199219150240804
14.385381140952656
12.89306924761547
16.975208518879516
12.89306924761547
15.734534219665761
15.075312812888637
16.975208518879516
12.07650836045872
12.07650836045872
14.385381140952656
12.07650836045872
12.07650836045872
12.07650836045872
14.385381140952656
15.075312812888637
13.66
12.07650836045872
15.075312812888637
12.89306924761547
14.385381140952656
15.075312812888637
7.992267109832881
13.66
14.385381140952656
14.385381140952656
9.19
12.07650836045872
10.24522385942406
15.075312812888637
14.385381140952656
15.734534219665761
16.36681420132403
16.975208518879516
14.385381140952656
13.66
12.89306924761547
15.734534219665761
16.975208518879516
12.07650836045872
15.734534219665761
14.385381140952656
15.075312812888637
18.13
15.075312812888637
15.734534219665761
15.075312812888637
12.89306924761547
13.66
16.975208518879516
18.68028214651094
16.975208518879516
19.73427827762681
19.73427827762681
17.562235557547154
18.13
19.2146038714232
17.562235557547154
17.562235557547154
15.075312812888637
19.2146038714232
17.562235557547154
15.075312812888637
19.2146038714232
17.562235557547154
19.2146038714232
13.66
15.734534219665761
17.562235557547154
15.075312812888637
12.07650836045872
15.075312812888637
12.07650836045872
15.734534219665761
17.562235557547154
14.385381140952656
15.075312812888637
14.385381140952656
11.199219150240804
15.734534219665761
13.66
12.89306924761547
16.975208518879516
12.89306924761547
18.13
15.734534219665761
15.734534219665761
11.199219150240804
13.66
12.89306924761547
9.19
12.07650836045872
14.385381140952656
15.075312812888637
10.24522385942406
11.199219150240804
15.734534219665761
15.734534219665761
12.07650836045872
12.89306924761547
14.385381140952656
13.66
16.975208518879516
12.07650836045872
7.992267109832881
15.734534219665761
12.07650836045872
14.385381140952656
10.24522385942406
15.734534219665761
17.562235557547154
18.68028214651094
15.734534219665761
15.075312812888637
18.13
15.075312812888637
19.2146038714232
16.975208518879516
12.89306924761547
18.13
13.66
17.562235557547154
12.89306924761547
15.734534219665761
13.66
17.562235557547154
17.562235557547154
13.66
14.385381140952656
0.25
10.24522385942406
4.72
7.992267109832881
9.19
9.19
10.24522385942406
9.19
11.199219150240804
4.72
10.24522385942406
7.992267109832881
7.992267109832881
7.992267109832881
7.992267109832881
10.24522385942406
11.199219150240804
11.199219150240804
11.199219150240804
10.24522385942406
12.89306924761547
13.66
10.24522385942406
13.66
12.07650836045872
11.199219150240804
15.734534219665761
12.89306924761547
12.89306924761547
13.66
10.24522385942406
12.07650836045872
13.66
7.992267109832881
12.89306924761547
15.734534219665761
7.992267109832881
12.07650836045872
12.07650836045872
16.36681420132403
6.571534623807735
9.19
10.24522385942406
11.199219150240804
6.571534623807735
11.199219150240804
10.24522385942406
7.992267109832881
10.24522385942406
7.992267109832881
9.19
4.72
7.992267109832881
10.24522385942406
12.07650836045872
11.199219150240804
9.19
10.24522385942406
6.571534623807735
6.571534623807735
10.24522385942406
11.199219150240804
4.72
12.89306924761547
12.89306924761547
12.89306924761547
13.66
12.07650836045872
11.199219150240804
6.571534623807735
9.19
13.66
10.24522385942406
11.199219150240804
10.24522385942406
11.199219150240804
4.72
14.385381140952656
12.89306924761547
12.07650836045872
15.075312812888637
18.13
13.66
12.89306924761547
15.075312812888637
13.66
12.07650836045872
12.89306924761547
18.68028214651094
15.075312812888637
17.562235557547154
15.075312812888637
10.24522385942406
12.07650836045872
17.562235557547154
18.13
14.385381140952656
14.385381140952656
12.07650836045872
15.075312812888637
15.075312812888637
18.68028214651094
16.975208518879516
12.89306924761547
16.975208518879516
16.975208518879516
14.385381140952656
17.562235557547154
16.36681420132403
15.734534219665761
12.89306924761547
13.66
11.199219150240804
15.075312812888637
15.734534219665761
16.36681420132403
12.07650836045872
18.68028214651094
12.89306924761547
15.075312812888637
