12.89306924761547
15.734534219665761
13.66
12.07650836045872
7.992267109832881
16.36681420132403
15.734534219665761
11.199219150240804
10.24522385942406
12.89306924761547
15.734534219665761
12.07650836045872
12.07650836045872
13.66
12.89306924761547
15.734534219665761
13.66
15.075312812888637
14.385381140952656
15.075312812888637
15.075312812888637
16.36681420132403
13.66
14.385381140952656
12.07650836045872
13.66
15.075312812888637
13.66
17.562235557547154
18.13
14.385381140952656
12.89306924761547
12.89306924761547
15.075312812888637
14.385381140952656
17.562235557547154
16.36681420132403
15.734534219665761
14.385381140952656
11.199219150240804
16.36681420132403
14.385381140952656
16.36681420132403
17.562235557547154
15.734534219665761
13.66
19.2146038714232
13.66
16.975208518879516
16.975208518879516
16.975208518879516
17.562235557547154
17.562235557547154
15.075312812888637
18.13
19.2146038714232
16.36681420132403
17.562235557547154
12.89306924761547
16.36681420132403
11.199219150240804
12.07650836045872
12.07650836045872
11.199219150240804
13.66
9.19
13.66
15.075312812888637
7.992267109832881
13.66
10.24522385942406
11.199219150240804
9.19
14.385381140952656
9.19
11.199219150240804
13.66
6.571534623807735
4.72
12.07650836045872
14.385381140952656
9.19
15.075312812888637
10.24522385942406
12.07650836045872
15.075312812888637
15.734534219665761
15.075312812888637
12.89306924761547
15.734534219665761
15.075312812888637
17.562235557547154
13.66
15.734534219665761
17.562235557547154
13.66
11.199219150240804
16.975208518879516
13.66
17.562235557547154
13.66
15.734534219665761
13.66
12.07650836045872
11.199219150240804
15.075312812888637
11.199219150240804
15.734534219665761
16.36681420132403
12.89306924761547
15.075312812888637
10.24522385942406
12.07650836045872
12.89306924761547
13.66
16.975208518879516
13.66
7.992267109832881
13.66
16.36681420132403
4.72
10.24522385942406
10.24522385942406
9.19
11.199219150240804
6.571534623807735
6.571534623807735
7.992267109832881
12.07650836045872
9.19
4.72
4.72
6.571534623807735
10.24522385942406
10.24522385942406
6.571534623807735
10.24522385942406
11.199219150240804
10.24522385942406
10.24522385942406
12.89306924761547
12.07650836045872
10.24522385942406
13.66
14.385381140952656
12.89306924761547
12.89306924761547
14.385381140952656
9.19
13.66
15.075312812888637
13.66
13.66
14.385381140952656
16.36681420132403
14.385381140952656
10.24522385942406
10.24522385942406
10.24522385942406
12.07650836045872
10.24522385942406
11.199219150240804
11.199219150240804
13.66
7.992267109832881
11.199219150240804
9.19
11.199219150240804
12.07650836045872
7.992267109832881
13.66
14.385381140952656
9.19
7.992267109832881
12.07650836045872
7.992267109832881
10.24522385942406
9.19
11.199219150240804
10.24522385942406
11.199219150240804
15.734534219665761
11.199219150240804
11.199219150240804
12.07650836045872
14.385381140952656
4.72
10.24522385942406
6.571534623807735
12.89306924761547
12.07650836045872
12.89306924761547
13.66
9.19
14.385381140952656
7.992267109832881
7.992267109832881
11.199219150240804
12.89306924761547
15.075312812888637
11.199219150240804
15.075312812888637
15.734534219665761
12.89306924761547
10.24522385942406
6.571534623807735
12.07650836045872
14.385381140952656
11.199219150240804
13.66
13.66
7.992267109832881
11.199219150240804
6.571534623807735
4.72
14.385381140952656
15.734534219665761
6.571534623807735
13.66
15.734534219665761
11.199219150240804
12.89306924761547
6.571534623807735
14.385381140952656
12.89306924761547
15.734534219665761
10.24522385942406
12.07650836045872
15.075312812888637
11.199219150240804
12.07650836045872
15.075312812888637
12.89306924761547
14.385381140952656
11.199219150240804
14.385381140952656
15.734534219665761
7.992267109832881
14.385381140952656
12.89306924761547
12.07650836045872
12.89306924761547
12.89306924761547
11.199219150240804
13.66
12.07650836045872
14.385381140952656
12.07650836045872
15.734534219665761
15.075312812888637
15.734534219665761
12.07650836045872
10.24522385942406
11.199219150240804
12.89306924761547
15.075312812888637
12.07650836045872
13.66
12.07650836045872
12.07650836045872
15.075312812888637
16.975208518879516
13.66
18.13
14.385381140952656
17.562235557547154
14.385381140952656
13.66
14.385381140952656
12.89306924761547
16.36681420132403
15.075312812888637
12.07650836045872
15.734534219665761
12.07650836045872
17.562235557547154
18.13
15.734534219665761
16.36681420132403
14.385381140952656
12.89306924761547
12.89306924761547
16.975208518879516
14.385381140952656
12.89306924761547
15.734534219665761
11.199219150240804
10.24522385942406
12.89306924761547
12.07650836045872
12.89306924761547
16.36681420132403
15.075312812888637
15.734534219665761
16.36681420132403
13.66
14.385381140952656
11.199219150240804
13.66
16.36681420132403
12.89306924761547
12.07650836045872
12.89306924761547
11.199219150240804
14.385381140952656
14.385381140952656
12.07650836045872
10.24522385942406
15.075312812888637
12.07650836045872
13.66
12.89306924761547
12.07650836045872
14.385381140952656
9.19
16.975208518879516
16.36681420132403
12.89306924761547
12.89306924761547
12.07650836045872
15.075312812888637
16.36681420132403
16.36681420132403
15.734534219665761
15.734534219665761
12.89306924761547
16.36681420132403
18.13
14.385381140952656
15.734534219665761
16.975208518879516
16.975208518879516
13.66
12.89306924761547
15.075312812888637
12.07650836045872
18.13
15.734534219665761
11.199219150240804
16.975208518879516
12.07650836045872
13.66
6.571534623807735
12.07650836045872
12.89306924761547
16.36681420132403
15.075312812888637
11.199219150240804
15.734534219665761
15.075312812888637
14.385381140952656
12.07650836045872
11.199219150240804
15.075312812888637
15.075312812888637
6.571534623807735
12.07650836045872
15.734534219665761
12.89306924761547
13.66
12.07650836045872
15.734534219665761
9.19
7.992267109832881
14.385381140952656
12.07650836045872
6.571534623807735
7.992267109832881
9.19
11.199219150240804
14.385381140952656
4.72
12.89306924761547
11.199219150240804
14.385381140952656
15.075312812888637
10.24522385942406
12.07650836045872
12.89306924761547
4.72
10.24522385942406
12.07650836045872
12.89306924761547
9.19
4.72
6.571534623807735
15.075312812888637
13.66
4.72
7.992267109832881
0.25
13.66
7.992267109832881
9.19
11.199219150240804
11.199219150240804
7.992267109832881
12.89306924761547
14.385381140952656
7.992267109832881
